baseMean	log2FoldChange	lfcSE	stat	pvalue	padj	symbol
5588	9.74641061219021	22.0755456527443	1.92547280441096	11.464999974122	1.97759643132125e-30	1.25814684960658e-26	PRKCQ
8428	10.8654172477853	22.4043974151728	2.73682912137341	8.18626096901866	2.69467077847443e-16	8.57174774632715e-13	STK24
10563	16.1113115352793	23.0656899737534	2.97442748193453	7.75466543186716	8.85766868130407e-15	1.87841627168188e-11	CXCL13
2004	7.32443562999164	21.6479356226684	2.97642604873412	7.27313068365174	3.51250211935757e-13	4.46930769667058e-10	ELK3
5163	120.47592121077	6.20423327698077	0.870962649518991	7.12342059720609	1.05280914698806e-12	1.11632863218967e-09	PDK1
2359	453.616674941546	5.97468979929064	0.973504619916375	6.13729989263315	8.39358455983398e-10	7.62856928138054e-07	FPR3
2520	739.800262574898	4.99032256289999	0.818192329038262	6.09920477837507	1.06597437809687e-09	8.47716124181533e-07	GAST
8850	278.110145368499	4.86687088783724	0.824913294311287	5.89985750187303	3.63815649765496e-09	2.57177240423121e-06	KAT2B
9340	84.3481608662825	6.78570177269385	1.16237791425417	5.83777589842445	5.29022466959464e-09	3.09885693242216e-06	GLP2R
5129	255.585578011668	6.04607026827382	1.04076638575206	5.80924821462687	6.2753992893536e-09	3.32700752323897e-06	CDK18
1794	73.5020743460871	5.09527545500988	0.922959758282073	5.52058246233166	3.37877782209686e-08	1.34348653151126e-05	DOCK2
10479	135.684701272442	4.40340170322109	0.805754212657126	5.46494406613159	4.63052790332433e-08	1.63663436227497e-05	SLC9A6
11335	1085.13161488539	4.05802060743448	0.756347216674917	5.36528794972566	8.08201795578652e-08	2.44846658260542e-05	CBX3
9213	384.270124108398	4.02157510616367	0.749415766021261	5.36628035931869	8.03769727625964e-08	2.44846658260542e-05	XPR1
9950	1769.63132272395	4.58858862027955	0.858737644457497	5.34341151793615	9.12133637005151e-08	2.63772463573944e-05	GOLGA5
5326	359.772823284794	3.19247846120409	0.60491033646242	5.27760606617179	1.30882449954603e-07	3.62032237657038e-05	PLAGL2
9069	220.319207123408	2.63454233656001	0.503145532386319	5.23614375360723	1.63966263143913e-07	4.3464723588399e-05	CLDN12
2691	156.700017951622	4.39639872228529	0.864309275397453	5.08660365846891	3.64532519098133e-07	8.91983033270125e-05	GHRH
10206	439.312140950697	3.51155012104781	0.693736862541187	5.06178972266928	4.15338973842314e-07	9.78661685772149e-05	TRIM13
5470	146.209064924302	5.26495477693051	1.06030734034126	4.96549875363117	6.85247331483456e-07	0.000155697982960634	PPEF2
2669	83.4355163154695	6.42632896619313	1.30289394098973	4.93235002790128	8.12461553107217e-07	0.000172296013362271	GEM
7709	982.443780946051	3.97989089082131	0.813043151000302	4.89505493764356	9.82782697025143e-07	0.000201692371563676	ZBTB17
10263	2150.26358556165	1.82974332734697	0.374416908273217	4.88691425765362	1.02428674830726e-06	0.000203641009147836	CDK2AP2
10964	159.536560966592	4.64975356808459	0.95463212638654	4.87072814706621	1.11187732786989e-06	0.000214356471512371	IFI44L
9439	1679.4259988975	3.86675358154142	0.804653263958827	4.80549045748888	1.54372601389311e-06	0.000280605282868228	MED23
2527	108.478892118044	9.509368845047	1.98609469134202	4.78797354753588	1.6847384820211e-06	0.000297730728406062	FUT5
6434	195.878487630836	2.5786484803195	0.543705631313154	4.74272902800652	2.10858230548933e-06	0.000362562179122247	TRA2B
9475	600.292882860393	2.43933107166372	0.536045671663162	4.55060305607044	5.3492379219546e-06	0.000872611581012184	ROCK2
7484	208.584449059627	2.37374800425586	0.525017448869804	4.52127450119188	6.14684169328011e-06	0.000960055315443924	WNT9B
4602	128.244019090353	3.07036388707201	0.681507514639942	4.50525316466124	6.6293858862306e-06	0.000990832961482723	MYB
8460	154.029638139913	2.58622525666307	0.574321026517858	4.50310042162919	6.69692193394484e-06	0.000990832961482723	TPST1
11257	1123.14349096216	2.36824430006341	0.530213309592801	4.46658780007276	7.94770527308877e-06	0.00109920219450849	TP53TG1
10993	893.244456523079	2.48113607975727	0.561510519893395	4.41868138147852	9.93049193627195e-06	0.00128934264690943	SDS
6187	638.169765558681	5.07205895286897	1.15466368728114	4.39267209035734	1.11965938833804e-05	0.00134401377898238	RPS2
5887	148.84198675651	3.49553005540558	0.801650751307546	4.36041511806	1.29815932893098e-05	0.00152942400938127	RAD23B
2806	93.4603954691883	4.05506998550992	0.940310986230754	4.31247751530024	1.61435304170719e-05	0.00177531477147223	GOT2
6768	569.896097755102	0.774410119462371	0.180798132545835	4.28328605255947	1.84153169798427e-05	0.0019206269938649	ST14
10143	831.974822246761	2.61606498854553	0.614433249038838	4.25768786542372	2.06552065971302e-05	0.00211949071566036	CLEC3A
10954	482.978799481402	3.01960920788383	0.712098439700806	4.24043789388521	2.23084154836032e-05	0.00221759592666693	PDIA5
2683	1205.83134719788	3.14668253262388	0.744545147803435	4.22631527706178	2.3754910542299e-05	0.00229385305554203	B4GALT1
9217	237.822104261549	2.11416056363798	0.500284094518859	4.22592000585437	2.37966522580594e-05	0.00229385305554203	VAPB
1952	12.3295724005393	6.334398031447	1.51565057815531	4.17932610770785	2.92374181020896e-05	0.00274888124828034	CELSR2
5393	1440.30660560697	1.45327507418583	0.349553873545532	4.15751386029636	3.21729761383238e-05	0.00296644165495675	EXOSC9
6132	173.514057628228	4.67086690920668	1.12606533418572	4.14795373537032	3.35460165869917e-05	0.00304885367894916	RPL8
7257	284.248111120467	3.03519369245588	0.73776612965879	4.11403230703967	3.88806983942328e-05	0.0034355417108904	TSNAX
10380	117.274042300619	2.06352985904853	0.505109850592751	4.08530908004854	4.40181822443853e-05	0.00378437399241593	BPNT1
10235	38.244839637413	4.9985094526019	1.23225224086731	4.05640118705221	4.98346313730941e-05	0.00422730566394166	RASGRP2
4811	42.0408950042825	4.1801132843616	1.04117986124101	4.01478499534097	5.950000899093e-05	0.00491609165195191	NID1
9445	228.738379476931	3.41064969662408	0.850944929767514	4.00807335153392	6.12161087683853e-05	0.00492983397448693	ITM2B
3185	19.6062269633653	4.69612521729494	1.17978741745966	3.98048423622514	6.87750257019126e-05	0.0054693339189446	HNRNPF
2354	22.5982560716072	5.6193093957139	1.4200437839018	3.9571381244837	7.5853074368289e-05	0.00590811264026003	FOSB
291	41.8683384455384	4.71205387929748	1.19242201588673	3.95166628636373	7.76089161371449e-05	0.00590811264026003	SLC25A4
9454	8.32549119505756	4.06727367694754	1.02900378837857	3.95263236431466	7.72961465189359e-05	0.00590811264026003	HOMER3
2108	646.64018097805	1.03632952834463	0.264757582735059	3.91425815887464	9.06825744627051e-05	0.00655593794013329	ETFA
8503	225.322381699113	1.99865681414516	0.510462301092472	3.91538573929496	9.02597831808285e-05	0.00655593794013329	PIK3R3
10957	142.923795652534	3.18727358752161	0.816082987514969	3.90557533520835	9.40014668388053e-05	0.00671952058458966	PNRC1
10794	477.678652339346	2.77929169422083	0.712342877676113	3.90162066796787	9.5550809864513e-05	0.00675438058175591	ZNF460
4729	63.2799637062312	2.3687392262333	0.608488550040066	3.89282464900503	9.90837720638513e-05	0.00692715338318925	NDUFV2
9232	34.7280378137575	2.64646265766602	0.680648674044552	3.88814781925631	0.000101012104711732	0.00698520663234824	PTTG1
5062	43.0682737932972	2.30445069221247	0.59486181422815	3.87392607340675	0.000107095912215214	0.007280834826114	PAK2
2043	1265.48612827704	0.383311241523165	0.0992475357437612	3.86217389329247	0.000112382524808468	0.00744768357116115	EPHA4
10197	6914.30300202479	1.29466464974511	0.335890456674869	3.85442522708618	0.000116001828454792	0.00760828487246793	PSME3
9682	553.356417183593	0.869383473959367	0.22603252765271	3.84627594527076	0.000119926694280708	0.00778544519401902	KDM4A
7164	128.781225998334	5.57151947630661	1.45614978864916	3.8261994196869	0.000130136879251523	0.00827930825798186	TPD52L1
4600	143.331669521753	2.65472212863698	0.694871558212179	3.82045012097956	0.00013320834354155	0.00839080674862713	MX2
10475	75.7151092114117	2.62154337277531	0.693659997543704	3.77929155790786	0.000157275185733499	0.00952937839653827	TRIM38
9761	61.3461805383121	2.41522174449076	0.639571793236202	3.77631060348964	0.000159168486723935	0.00955311238243091	MLEC
6629	3165.00882728007	0.87447194488501	0.232527434175806	3.76072590309432	0.000169420994129504	0.0100734239687094	SNRPB2
4826	22.6206892366683	3.29752407038199	0.886337217511187	3.72039445623343	0.000198911857065883	0.0116098828867261	NNAT
4817	214.350916187291	2.49478634880349	0.672252121999026	3.71108735422795	0.000206370866906719	0.0119357405023686	NIT1
5573	61.7402913031709	2.636567560756	0.715037479118342	3.68731379508519	0.000226633818164778	0.0128110166790898	PRKAR1A
1783	501.92118547	2.30956060515239	0.628630681113759	3.67395463590878	0.000238825151798884	0.0132568686960246	DYNC1LI2
10540	222.604732622525	3.31605638479688	0.903516039409255	3.6701688073684	0.000242390342345966	0.0132646945212223	DCTN2
9885	48.26840145343	6.85768190965345	1.86932400975488	3.66853572407316	0.000243943611911821	0.0132646945212223	OSBPL2
8722	55.0022802153795	4.46206550113725	1.21849867804647	3.66193708826254	0.000250315338356264	0.0134958151069708	CTSF
3455	42.0528257607902	2.22997717556922	0.609853487936228	3.65657853842169	0.000255604121893369	0.0136651548192068	IFNAR2
5801	20.9529638920459	3.16313499529282	0.869789708555237	3.63666638519665	0.000276189265927036	0.0145216207423785	PTPRR
3897	73.6220799985193	2.20446838378082	0.611727850729435	3.603675034825	0.000313749289150267	0.0162282355900325	L1CAM
5685	224.305392755429	3.12783133322159	0.870162281689336	3.59453793739394	0.00032496779278936	0.0165395607818073	PSMA4
9528	122.874610479534	3.99513663116406	1.1123271915736	3.5916919602695	0.000328538047318738	0.0165885639447763	TMEM59
4054	25.6964598802657	1.98804059885568	0.555306434063107	3.58007845201692	0.000343491065078419	0.0172070091025898	LTBP3
3297	109.393060035983	1.72835287988252	0.484900613674849	3.56434459173829	0.000364766492142323	0.0179894916512361	HSF1
5586	285.687004647085	1.10364187613378	0.309561910232696	3.56517336161991	0.000363615760175698	0.0179894916512361	PKN2
3037	375.204950725408	1.38499547035686	0.389899193755071	3.55218859782229	0.000382040924639772	0.0185537737599865	HAS2
433	2.32791263827929	3.1598896517524	0.889393826456384	3.55285764051496	0.000381070628075914	0.0185537737599865	ASGR2
5717	50.307930631394	3.08184621008948	0.869198228338973	3.54561952568501	0.000391691305185917	0.0188783339666122	PSMD11
4048	13.1653351964263	4.24007291522921	1.19890428598679	3.53662336917855	0.00040527716751083	0.0193862657120594	LTA4H
4690	53.0855283976896	2.07295394073446	0.587466863672984	3.52863126232152	0.000417714728589489	0.0195404492888701	NCK1
8546	96.3503484229244	1.89900728375502	0.542826811984187	3.49836677524016	0.000468116893663781	0.0214256091905682	AP3B1
10253	95.2712930740257	5.97337360556716	1.72521909687525	3.4623855117221	0.000535409649266495	0.0234915599216099	SPRY2
4297	48.8302910352928	3.76354047223728	1.08610665693722	3.46516656370595	0.000529903175115559	0.0234915599216099	KMT2A
7369	17.6257011595123	2.48770471445131	0.717245364433668	3.46841518650398	0.000523537753701783	0.0234915599216099	UMOD
9896	5.73043971945586	2.89196529460101	0.835067673538452	3.46315081548639	0.000533889056752632	0.0234915599216099	FIG4
6283	143.89835206847	2.64076047341265	0.763761825971404	3.45757065044977	0.00054506930101493	0.0235900060752176	S100A12
10238	59.0797326392884	2.9363154230892	0.854694552573592	3.43551437674148	0.000591430081577794	0.0250845211933195	DCAF7
10389	347.314638035026	0.784351421841279	0.228571138268978	3.43154182886497	0.000600160567902919	0.02528623531787	SCML2
3790	1160.50879389816	1.42894177398257	0.417140904440919	3.42556138410289	0.000613530279696569	0.0255116316302586	KCNS3
9182	5239.20782904743	0.749978120309449	0.220267474264567	3.40485186391449	0.000661999542506883	0.0264883087385459	RASSF9
6193	1276.71489350332	1.05932224508757	0.312992601971526	3.3844961140134	0.000713090283382207	0.0278323949869791	RPS5
9815	3900.37221935874	1.88238563873032	0.556118573598657	3.38486381878841	0.000712135757153147	0.0278323949869791	GIT2
6996	724.884925793404	4.60725683736862	1.37730985463347	3.34511280948812	0.000822491094731107	0.0306005166355515	TDG
6188	15.7235108055372	2.34115892883909	0.702336991288909	3.33338405619596	0.00085796422200832	0.0315512623145487	RPS3
9901	23.9656809437728	3.61754837237746	1.08669138984999	3.32895650611241	0.00087172016371379	0.0318728947215352	SRGAP3
4854	29.8677896908093	2.86512383921289	0.861686137666921	3.32502022948916	0.000884121198058143	0.0321415946402623	NOTCH3
6730	68.8940831998165	2.32803408897855	0.700832839121558	3.32181079285122	0.000894353180283861	0.0323288348463973	SRP68
3881	683.056737298342	1.89128678910038	0.572189563068325	3.30535002938272	0.000948578535090272	0.0337142829063928	KRT31
11330	50.816697664347	2.08699019228921	0.633603891835537	3.29384055114189	0.000988285430063198	0.0347374138456468	CTRC
6039	3.27049468818335	4.18687720573443	1.27600567294047	3.28123714065162	0.00103352809060137	0.0355388161492098	RNASE6
7955	2740.61705650221	2.50490454563354	0.763421016534805	3.28115743656546	0.00103382020834694	0.0355388161492098	RNF217-AS1
10110	961.60338561329	1.44135268639329	0.443584192428588	3.24933284592943	0.00115676039717878	0.038938146279637	SGK2
8879	14.8523721184917	2.88035353811055	0.88695993630685	3.2474449185426	0.00116446201017094	0.0389910910984607	SGPL1
9317	8361.46484078376	1.18888626787499	0.367461854768377	3.2354004978949	0.00121472215121957	0.0398434674248397	PTER
6547	2921.219988507	1.24167496798731	0.386144590621265	3.21557001741133	0.00130185732205973	0.0418303852673939	SLC8A3
1234	41.0304368420856	2.86291527625449	0.89101772709192	3.21308453154843	0.00131317634292866	0.0419820497171465	CCR5
10670	27.8589393955134	2.61752559416314	0.815898575099526	3.20815071143351	0.00133591472122378	0.042074700279335	RRAGA
7767	20.0820428003926	5.43815050571082	1.70019331041908	3.19854834881709	0.00138121370392794	0.0432871014009338	ZNF224
6757	623.018256849039	1.52138725468221	0.476293728774763	3.19422063060937	0.00140208917102214	0.0432958882432475	SSX2
5373	4958.19757241161	1.15103737224624	0.363354750792551	3.16780603455878	0.00153593958110965	0.0456619047430823	PMM2
10210	367.246833027645	1.5071239824002	0.477101591607482	3.15891627467076	0.0015835697674341	0.0467126438552917	TOPORS
3250	118.497637347616	2.15771499731807	0.688333303994381	3.13469504496863	0.0017203284734706	0.0499759349233788	HPR
4085	67.9615594436059	7.98280440385408	2.55076851381451	3.12956834797852	0.00175063341187409	0.0501860138209049	MAD2L1
5379	5570.81775688907	2.28231697437778	0.72920691491566	3.12986194685463	0.00174888472579195	0.0501860138209049	PMS2P1
3918	24.3752752475408	3.21142758660798	1.02811954452997	3.12359355844767	0.00178657056343782	0.050969335984715	LAMC2
3346	28.5416376739331	2.33983491393106	0.749724292518069	3.12092716920289	0.0018028261533234	0.0509759110553043	HTN1
1232	50.9546806735117	0.839320957681629	0.269290543747097	3.11678585516866	0.00182834329191679	0.0514462492289363	CCR3
4832	26.9151898356041	2.32065586160132	0.746085687245347	3.11044146975866	0.00186807913874643	0.0516726933943686	NME3
2242	937.509463426673	1.26251722042902	0.406387359090756	3.10668428086383	0.00189198344188646	0.0521073534947257	FES
8761	191.489925794509	3.02879765171409	0.976895202790609	3.10043251626377	0.00193238241542026	0.0527631627764107	PABPC4
9567	7737.13643159461	0.869693591425667	0.282063318845777	3.08332751307229	0.0020469973672573	0.0549493554873037	GTPBP1
2937	97.0361693305593	1.57616748969106	0.511550811251559	3.08115529293135	0.0020619907554279	0.0551192654875308	GSS
11078	14.8276218068664	2.06823382753009	0.674199556567318	3.06768790839983	0.00215721785021418	0.0562468031273057	TRIOBP
4100	4.4281788596634	4.91333680986083	1.59939705632181	3.07199315544585	0.00212634600814829	0.0562468031273057	MAGEA1
8809	332.218048715331	0.810602694978952	0.264122970320612	3.06903520733158	0.0021475128131588	0.0562468031273057	IL18R1
7520	423.183967783292	1.79446265116501	0.585305171371905	3.0658581863525	0.00217046232814151	0.0563611482923929	XRCC5
4773	123.167945108784	1.89660581455279	0.620492215900102	3.05661500007944	0.00223851592932051	0.057634564099205	NFATC2
3689	347.857172745756	3.42517420164057	1.12394282460691	3.0474630262785	0.00230781915472201	0.0580835002598549	ITGB2
10044	2.87883436433953	2.56482195631859	0.842620226420539	3.04386469241783	0.00233560162179903	0.0581933312612391	SH2D3C
9535	17839.8648422527	1.57495487791643	0.517308862679792	3.04451555258064	0.00233055379982603	0.0581933312612391	GMFG
4134	283.519202306624	1.56211989335924	0.514515430720421	3.03609921119754	0.00239660491977371	0.0593276284031141	MAP4
10564	13.6165467726844	1.71673506988826	0.565915867433405	3.03355174979305	0.00241693254142139	0.059598933443887	ARFGEF2
7644	6.6786564417551	2.90164819538519	0.957756439172041	3.02963057903698	0.00244853032413969	0.0599136535468335	ZNF91
10213	3402.62944506419	0.950753164440303	0.315191194615822	3.01643313861972	0.00255767617647103	0.0616361205860177	PSMD14
9441	47.8218510995019	2.07565668174283	0.6880726505153	3.01662430586126	0.00255606392029643	0.0616361205860177	MED26
8857	41.9549703326746	2.6190560280811	0.868712539158855	3.01487075415884	0.00257088783383605	0.0617207109391131	FCGBP
5427	1401.11934139221	1.42099967358371	0.473304133907213	3.00229719494121	0.00267950444265649	0.0640864934743632	POLE2
5997	158.179791869057	1.65343430885371	0.552932959418179	2.99029797499055	0.00278705422380316	0.0659153865124003	RGS2
11030	8855.32949723689	0.396627943556439	0.132733461212307	2.98815340106315	0.00280668642698545	0.0661338483277091	RBPMS
6780	363.324018309889	1.10519240971982	0.370781160316625	2.98071349897081	0.00287577700319263	0.0664476004546854	STAU1
9146	1654.32963285074	0.437419273661028	0.147015154476133	2.97533458519774	0.00292669142743895	0.0669770174869301	HGS
3049	693.122707964866	0.603193688231226	0.202943378427451	2.97222650428508	0.00295648483615573	0.067416331640225	HBQ1
2936	9.2913137839462	8.75518623579553	2.96140005768616	2.95643481638757	0.0031121800636528	0.0699824728268447	GSR
9177	4018.7543060066	0.649492861241299	0.21982295082714	2.95461806329783	0.00313056345500368	0.0701290306363851	HTR3B
10038	204.43622175608	3.52489345443934	1.19498375830958	2.94974172655338	0.00318039672211937	0.0709953822670998	PARP2
10922	891.387429106828	1.40896648931044	0.478251912787585	2.94607601483077	0.00321833298231	0.0715910294876091	FASTK
155	339.006591582521	2.36079410621542	0.802039673044061	2.94348794150701	0.00324536465730602	0.0716910067700725	ADRB3
3000	15.5792336339949	2.76369605999186	0.939684792049394	2.94108841962251	0.00327061160833916	0.0717185869730734	GUCY2D
10395	805.034079383566	0.495473042059062	0.168646790938263	2.93793341280025	0.00330407980185183	0.0717425109193903	DLC1
10758	9.16261519031735	4.89007684198425	1.67309042465275	2.92278096266027	0.00346920469670175	0.0742627135929746	TRAF3IP2
1837	1083.23248118682	1.37610011057627	0.470953196141775	2.92194664321168	0.00347851126229274	0.0742627135929746	DTNA
1107	452.526245994983	0.906147136312884	0.310755694193364	2.91594700674751	0.00354610726162739	0.0754526234062657	CHD3
160	8.58820515380257	2.10930012458828	0.725683260586073	2.90664018195042	0.00365333164609827	0.0771578729041119	AP2A1
10060	10.132206571749	8.58685159234452	2.962519045486	2.89849667141494	0.0037495628878839	0.0784694706997282	ABCC9
4338	106.108109573961	2.43858109975602	0.843924203538674	2.88957360095937	0.00385764690042196	0.0800607417685372	MOCS2
2051	6162.49522148503	0.487027079503182	0.168969490972542	2.88233737759395	0.00394736834483541	0.080749702282453	EPHB6
3145	13.9272833531583	8.56414138913996	2.97445112614739	2.87923419344681	0.0039864218335705	0.0812872298242805	HMBS
1588	3.00382195299101	4.78371521574444	1.66229453268181	2.87777834895888	0.0040048642182248	0.0814023838860901	CYP19A1
4810	20.482363484825	2.17242871599462	0.755485418446745	2.87554023274343	0.00403336739776197	0.081720647721534	NHS
6335	48.761443754769	-1.26949976922091	0.441650972956543	-2.87444123743803	0.00404743078586913	0.0817452528879345	SCN9A
6166	669.253081296943	1.2720485270457	0.443053220452207	2.87109644694009	0.00409050699951154	0.0823538149711786	RPL36AL
5431	216.084550720101	2.8587078423496	0.996292801865009	2.86934507305307	0.00411322782222256	0.0825500170504099	POLR2B
1747	9539.51238391745	0.403349287955428	0.141057681416124	2.8594634755518	0.00424358282316781	0.0843857440263865	DLX3
2762	808.357412362091	0.701279470443798	0.245424098432118	2.85741895324825	0.0042710169092261	0.0843857440263865	GMDS
5870	8.63528890603315	3.61522940273955	1.2671145947182	2.85311953457814	0.00432923336314899	0.0852711537348417	RAB6A
9349	36.7202651308636	3.00072761735215	1.05459470230398	2.84538468740306	0.00443578168419674	0.0865657763032505	RPL23
7570	25.4186542623542	3.28493222546089	1.15708105992896	2.83898193412877	0.00452577191586685	0.0877834174656856	ZNF22
6891	34.0488050978633	4.6519260040123	1.64366279304355	2.83021920536292	0.0046516122102551	0.0896774450958877	TAP2
9905	39.8455273032201	1.91895742249365	0.679500882285119	2.82406906675429	0.00474181655406454	0.0908657738462608	SGSM2
5862	800.107160478935	1.99422912351551	0.706784893552958	2.82155029303282	0.00477921430953711	0.0910002125245742	RAB2A
6671	106582.961102	1.40650841202956	0.498933943681074	2.81902730780855	0.00481694199265033	0.0912065028489327	SP4
4437	97.6951644889942	1.81694248760273	0.644832283960168	2.8176977685487	0.00483693161388245	0.0912505643981025	MSH3
10469	42.2737676845773	2.3956159074583	0.851261112575333	2.81419634007573	0.00488993520033624	0.0914993168957034	TIMM44
4360	8.01581563687805	2.4311115628572	0.866283999216456	2.80636784825313	0.00501034593552986	0.0934599464948542	MRC1
146	954.643136747952	1.44093641548032	0.51510046244219	2.79738909308791	0.0051517450802935	0.095277331979149	ADRA1D
5691	2087.47517164514	1.11842665549157	0.40033780992951	2.79370728357759	0.00521076218340167	0.0960894753936273	PSMB3
11337	52.119624265494	2.02818396796005	0.727167333146349	2.78915715201945	0.00528454154347536	0.0967665495811647	GABARAP
5325	24.9310307751372	1.45067122055966	0.522192714395993	2.77803803187414	0.00546882167893124	0.0975111320600865	PLAGL1
5468	479.614271592742	1.40729143110562	0.506545682208341	2.77821227291956	0.00546588975560282	0.0975111320600865	PPARG
6477	4081.94704083637	0.868513214736374	0.312655253269994	2.77786221613992	0.00547178153810922	0.0975111320600865	SIAH1
6942	942.24242314211	0.665660127822509	0.239500383794886	2.77936977500878	0.00544644866621249	0.0975111320600865	TCF20
7089	7.31449743215167	3.39116881465693	1.22232140222154	2.77436753418009	0.0055309153463374	0.0982896185290462	TLE2
2861	183.51062612222	1.78662578273305	0.64678790622616	2.76230548767919	0.00573947490920119	0.100385071251434	GPR37
10097	792.938209484454	1.40382228252918	0.508482019473452	2.76081007541403	0.00576581957412536	0.100499025015303	ACTR2
8087	59.30461606914	1.28079646889348	0.464449430297543	2.75766614262602	0.00582156211890002	0.100917651772321	FXR1
5286	15.5498319707916	4.85248274044692	1.76883189518242	2.74332612028486	0.00608202492853354	0.102909155838645	PIK3C2A
7091	5657.77903351286	0.538962036783934	0.196794709761099	2.73870185554384	0.00616822821232224	0.103270250303973	TLE4
952	55.4379953260192	1.16161332929448	0.424147975517781	2.73869827594117	0.00616829536553122	0.103270250303973	CD38
7697	22.7161070546656	3.10729599259254	1.13566917208186	2.73609257782034	0.00621735318215844	0.103546599332178	ZNF138
8082	74.2937092475638	1.26482490088962	0.462655411339052	2.7338379059025	0.00626008536501377	0.103715268469317	SSPN
10598	5.90753402987187	4.17736997537437	1.53063561889789	2.72917337333507	0.00634933130092108	0.10418021049979	AHSA1
4162	3.18239417037531	1.73521888460828	0.635856071270532	2.72894914904416	0.00635365005877375	0.10418021049979	MCAM
482	6.08432822143093	1.69710728428181	0.621820494626456	2.72925594918081	0.00634774148294557	0.10418021049979	ATP1B2
6696	3343.04076097716	0.443101788106488	0.162279912662383	2.73047834964236	0.00632424869405494	0.10418021049979	SPP1
7348	12.7688515339546	2.29135450610781	0.839954454618444	2.72795089484784	0.00637290941736962	0.104223615476002	UPK1B
10214	998.199861850876	0.998104710519041	0.366480248598393	2.7234884126397	0.00645964815682896	0.104652331305189	SSX3
9253	394.246139399882	1.20303671437832	0.441592898218152	2.72431173425259	0.00644356552487462	0.104652331305189	NUMBL
5376	929.334476816696	1.99083817626063	0.731623131881203	2.72112524810642	0.00650601060400811	0.105053907265735	PMP22
10255	9689.35910651425	0.456425254708474	0.168050011855543	2.71600846479451	0.00660742286526293	0.105619156454278	HCG9
7802	12.43465308254	-2.16390552231998	0.796995705674744	-2.71507801975921	0.00662601584974555	0.105650909363612	DNALI1
5476	291.633968771945	2.28866415939499	0.845186139027184	2.70788179516203	0.00677141351610541	0.106387784221229	CTSA
6000	6454.5058288063	1.15158994434454	0.425539202200861	2.70619002523995	0.00680600883024841	0.106387784221229	RGS7
1832	787.570691904794	0.338606006883238	0.125235450509937	2.70375525064583	0.00685607678530049	0.106410297174577	DSP
4308	738.761194371083	1.16074270791136	0.429722642898353	2.70114392875016	0.00691014277821186	0.106704680473262	TRPM1
6204	9.9893173548873	3.87684610472914	1.43849496041903	2.69507103702318	0.00703736259991963	0.107408926945363	RPS10
9811	259.59715169841	1.03710091512793	0.384968504157014	2.69398899891545	0.00706024949826985	0.107457672985629	CTIF
3561	34.8691540401733	1.51808535174736	0.564596838568489	2.68879534571324	0.00717103682333982	0.10869758803576	IL2RG
10322	157.783137986753	2.58610252705548	0.962291598660446	2.68744165558075	0.00720016797658637	0.108806338876585	SMYD5
977	472.970080593722	1.14075385458085	0.425055309587974	2.68377744930803	0.00727955459419616	0.109485877844624	CD151
3664	699.669633067942	1.56460139236259	0.583805339799962	2.68000527864081	0.00736209992141423	0.109903269526145	IRF6
5199	1448.15726741668	1.85608509537049	0.69273569155763	2.67935537029576	0.00737640617536373	0.109903269526145	CFP
2720	1101.84665099376	1.05870069463675	0.395478779516413	2.67701011905447	0.00742823914723181	0.110039418533957	GLB1
7498	2357.59455794849	0.580731802570183	0.217336864978667	2.67203542586844	0.00753926887002811	0.110668227765904	XDH
8227	7.30602940075928	7.00662910015803	2.6211901286247	2.67307167978475	0.00751601886934109	0.110668227765904	AKAP17A
9063	17.9267106884334	1.45817870257589	0.545794037542828	2.67166477145963	0.00754760073505126	0.110668227765904	PIAS2
2290	7.48996525204071	4.12022831853991	1.54766020999123	2.66223056711089	0.00776246865315533	0.113008754167904	FOXG1
5891	1734.36437302338	0.871544731072135	0.327584699299611	2.66051721260343	0.00780207392864135	0.113277629779847	MOK
2074	61.4969294741883	1.49540484441869	0.563931341728258	2.65174983861649	0.00800758460721307	0.114289890073084	ERCC6
2145	4428.86867381623	0.444312641193578	0.16755125933782	2.6518012633838	0.00800636519155844	0.114289890073084	EZH1
8615	89.2045855620609	1.48653479225079	0.561310234722593	2.64833010391384	0.00808904964240436	0.114289890073084	USO1
7398	162.526071975774	2.45954320774031	0.929229326385045	2.64686352217122	0.00812421334486699	0.114350100221336	USP1
4702	1537.81174032653	0.788951221517335	0.298528595264089	2.64279949737947	0.00822237100914738	0.114476354397804	NDUFA8
5301	757.449927882181	2.08744121591492	0.789041938800412	2.64553899262753	0.00815608863650286	0.114476354397804	PIN1P1
8241	163.090140996438	0.778782851139815	0.295047575687388	2.63951618421349	0.00830244589457007	0.11507660300927	RBM10
3953	1056.69382476735	1.62162818705623	0.615447048536725	2.63487848534132	0.00841674087820295	0.115403675575705	LEPR
2353	697.31695264075	2.15620875950378	0.818753071792121	2.63352753570033	0.00845029834549104	0.115426177909037	FOS
2702	39.1668646720659	2.78057475688302	1.05654973799626	2.63174998477246	0.00849463482573073	0.115562544355003	GJA5
9440	1898.23024138468	0.759399718230563	0.288750328240788	2.62995274449455	0.00853967377169389	0.115840947836922	MED17
581	3.45051618808001	3.97869173338462	1.51411556091078	2.62773320352862	0.00859559017912211	0.116351371743776	BAX
3059	85.6198348665666	2.02462493669267	0.772703015000528	2.62018511302338	0.00878820485264295	0.118100697490488	HCLS1
4927	5.94265480495191	3.35404516779684	1.28028549558097	2.61976346633126	0.00879907743013068	0.118100697490488	NUP88
9464	101.283287481705	3.54448937527922	1.35346895127944	2.61881838658257	0.00882349091652876	0.118179050970434	HAND2
154	86.2438272764413	1.02996038915974	0.395193632769691	2.60621706362353	0.00915484244819549	0.119956496559143	ADRB2
3140	17.7385537756342	3.54558683534947	1.3588441904376	2.60926665492654	0.00907365059156972	0.119956496559143	MR1
1616	11.6580285308922	2.31564240410249	0.889924399957258	2.60206642745575	0.00926639017885599	0.120220667409827	DAXX
5621	297.914471898483	0.56958647204218	0.21902907953129	2.60050616685722	0.00930863459441881	0.120220667409827	PRNP
11342	9020.9468328823	0.960098743434777	0.369595128489245	2.59770399939867	0.00938493554546863	0.120620121091457	RNF13
5663	4492.72863524754	0.781753314043083	0.301336091076052	2.59429035284653	0.00947864013168466	0.120847912861278	PSEN1
9518	109.818173105965	2.53641050183387	0.980119623669497	2.58785809464536	0.00965747567551368	0.121906468745274	GDF15
5782	1206.55234523145	0.631258779028279	0.244054011651568	2.58655358605421	0.00969410956342464	0.121969624928881	PTPN12
6201	13941.4065960944	0.419010416562084	0.162029716563926	2.58600968666616	0.00970942018254036	0.121969624928881	RPS7
1549	7.40867561028862	2.3825661124996	0.923581235306301	2.57970389763217	0.00988850630542882	0.122968564066965	CYP2A7
5739	7159.52586650629	0.669424164402956	0.259798804932853	2.57670224686358	0.00997478329236589	0.123702868042947	PTGIR
7035	79.1756157799281	0.951625281309633	0.369469003933335	2.57565660766861	0.0100049953870562	0.123836149129283	TFPI
2160	2348.79283222321	1.90028016506467	0.739400133569982	2.57002951282916	0.0101689851375217	0.124465586389126	F11
6945	407.518533014742	1.84952862309361	0.719771474988863	2.56960533636351	0.0101814433177389	0.124465586389126	MLX
973	27.0691453122528	1.68734177610974	0.656837394765538	2.56888811379572	0.010202539257804	0.124465586389126	CD79A
5994	49.3193943918844	1.30197052449172	0.507618837757813	2.56485856640509	0.0103217869044619	0.125137618020171	RFXAP
10133	6364.58473538504	0.493558630949785	0.192931431926774	2.55820747309393	0.0105213298981717	0.126394558326965	OPTN
745	18.3861755539948	3.74308652394915	1.46243748730304	2.55948480290393	0.0104827439050703	0.126394558326965	MYRF
2138	2465.14619355753	0.365959345040227	0.143164134709242	2.55622223948386	0.0105815512830802	0.12677933947826	EYA1
2052	2950.51241647314	0.593051951315698	0.23206731478487	2.55551692777359	0.0106030203670435	0.126797773637463	EPHX1
3726	43.5202485264766	1.52661115689698	0.598034521899577	2.55271410093167	0.0106887193705885	0.127105855393802	JUNB
2891	21.9899994290674	3.7581712608922	1.47390792820532	2.54980056011252	0.0107784559074857	0.127277141316279	GRIA2
5173	123.616130996044	1.6678879633207	0.654111628944024	2.54985218045012	0.0107768602001271	0.127277141316279	PDYN
5579	59684.4529347169	0.974990046430528	0.38256923476598	2.54853228599768	0.0108177273099045	0.127277141316279	PRKCB
10500	814.997566597553	2.49027074427985	0.979176175898076	2.54323052947631	0.0109832738658182	0.127781371512174	SEMA6C
3885	83.3294751459742	1.32080685003026	0.519363423544797	2.54312643161391	0.0109865467175667	0.127781371512174	KRT34
5756	17213.1563712393	0.657613327045758	0.258776134925111	2.54124410365766	0.0110458770717948	0.128236988924741	TWF1
6638	3848.63872852562	1.33817068627986	0.527410630800843	2.53724632787156	0.0111728307871787	0.129239180850965	SNRPN
6573	530.55854116002	0.834776303535991	0.329127255935372	2.53633294867536	0.0112020173704346	0.129341623431406	SLC19A1
5198	18.4777407600031	2.30476437976493	0.909092839285031	2.53523543489523	0.0112371774342223	0.129512541370512	PFAS
11258	2279.60118661827	1.10762461319967	0.437689413153256	2.53061778492649	0.0113861848452583	0.130366468162997	DCTN3
2005	3788.72789798226	0.722062328782377	0.286381750905591	2.52132800536027	0.0116912814809223	0.132348634842754	ELK4
6558	95.5817050552327	1.34125562252275	0.531854149068474	2.52184856482161	0.0116739952706682	0.132348634842754	SLC12A2
6311	3416.98523294992	0.287406085635777	0.11402304768381	2.52059641865357	0.0117156136492837	0.132388515162954	ATXN2
5378	3084.12553753164	0.536576849143906	0.213369509463771	2.51477753542389	0.0119107514461274	0.133959064683486	PMS1
10974	242.729179141923	1.00384107402435	0.399772371851353	2.51103163876869	0.0120378907437782	0.134832853718163	ADIRF
5479	3.64011625930345	2.77136867538652	1.10344932025902	2.51155048492484	0.0120202091407192	0.134832853718163	PPIB
2532	1397.57064220809	0.293743966832369	0.11704501775924	2.50966655784184	0.0120845211001929	0.135071857463849	ACKR1
9083	6076.03747354748	0.803369278784338	0.320410784384636	2.50731035887961	0.012165384207291	0.135071857463849	BPY2
5828	2488.80817767473	0.356888416825974	0.1426615812739	2.5016434953204	0.0123618335190144	0.136065717730051	PEX2
7568	3.11490874856273	3.02255459527622	1.20790354146054	2.50231454046529	0.0123384251020322	0.136065717730051	ZNF20
595	5.77108410720595	2.27888835843881	0.911775114058696	2.49939740984431	0.0124404713328799	0.136694781726739	CCND1
6993	239.098503226017	1.23394603632156	0.494371211445451	2.49599088246608	0.0125605829969016	0.137539464761253	DYNLT1
1031	116.469185379885	1.40330438827301	0.562688143421316	2.49392919449216	0.0126337743368295	0.137866333329175	CDKN2C
10412	235.315862785935	1.18888748949791	0.477444286288618	2.49010727249382	0.0127704544282844	0.13826812118312	NSA2
6165	909.695395319399	1.56739537586347	0.629102085406175	2.49148017821542	0.0127212065098048	0.13826812118312	RPL35A
10002	12.3274469993739	3.21080638873928	1.29039387976813	2.48823745918279	0.0128377984235715	0.138665659712669	NR2E3
10584	120.563923679585	1.08079443115146	0.436316479340309	2.47708826580554	0.0132459139871009	0.141869536676659	COLEC10
6627	267.211769706794	0.75474213604891	0.30596491472805	2.4667604019884	0.013634155324568	0.144625803165963	SNRPA1
9860	4064.20872286859	0.926242876025343	0.375863910350403	2.46430383582676	0.013727968507983	0.145078630644166	LRIG2
10175	179.286638773492	0.913494935960371	0.370833895561448	2.46335339593844	0.0137644172895999	0.145222591702213	CNIH1
6790	1433.23354954191	0.514004108273072	0.209033740697956	2.45895283008777	0.0139342924504164	0.146046076720839	AURKA
10170	1558.16725778257	1.42418031034395	0.579624190130578	2.45707535088056	0.0140073303195726	0.146570124166317	DHRS9
1945	4078.92637762126	0.32965685654029	0.134268562740127	2.45520507416417	0.0140804237641042	0.147093031177719	EFNA4
8996	51.4779543377017	0.847900208091988	0.345806994345638	2.45194638036876	0.0142085832743166	0.14794600129493	NOL3
313	207.42731601197	1.05828828021632	0.431868762781319	2.4504858221297	0.0142663580863171	0.148304853178349	AOAH
5873	7.82389990699218	4.51132876273463	1.84971150380538	2.4389364251958	0.0147305595134796	0.152000846134798	RAB27A
462	196.459866898632	1.44735724536815	0.594202426088143	2.43579827651772	0.0148589683469325	0.152965625603859	SERPINC1
11098	29.3034579849362	1.00365004159353	0.412304363237367	2.43424550182536	0.0149228697984032	0.153170526010956	PRSS23
11179	3.13772331875235	3.10652455949169	1.28244517511658	2.4223449234072	0.0154207059482602	0.157117480188108	ZNF277
8491	7.95085158754484	1.97758266402789	0.816527490992718	2.42194253817907	0.0154377914194198	0.157117480188108	MAP4K3
10232	440.727434404931	1.08042035850786	0.447417881542852	2.41479029577942	0.0157442713049967	0.158971470392109	MSLN
10527	89.0842627203282	3.01650868436034	1.25035003681601	2.41253136764951	0.0158421741950012	0.158971470392109	IPO7
5634	67.0168356574748	0.985378617346838	0.40838243204925	2.41288199495321	0.0158269428457666	0.158971470392109	PRPS2
7365	1964.07366165473	0.22425717152257	0.0928881708409764	2.41427050928257	0.0157667518060503	0.158971470392109	UGT2B10
9187	8584.78366702334	0.730427562168706	0.302748022773896	2.41265840640756	0.0158366541068614	0.158971470392109	SLC24A1
9295	3846.3477826841	0.347155912175268	0.14373491280573	2.41525114113702	0.0157243635631888	0.158971470392109	SRSF11
7297	4705.73200126351	0.563232837453628	0.233876766071731	2.40824621835622	0.016029366401663	0.160344070829214	TYK2
5481	71.2172048142089	1.00763019812197	0.418704711723582	2.40654134025409	0.0161043812233594	0.160841559408183	PPID
4637	5118.42700358068	0.621780664585781	0.25853237955192	2.40503980841174	0.0161707041771026	0.161041339530881	MYL6
5297	125.143076305254	1.14257552770259	0.475935629539809	2.40069340639063	0.0163640406586694	0.162162035312235	PI4KA
1785	5922.43036522719	0.513974919935853	0.214322309031199	2.39814008284613	0.0164785619461707	0.162537381552772	DNM2
10892	37.5158313504019	2.78810551575937	1.16420160938111	2.39486485269637	0.0166264923840174	0.163489558805439	MALT1
6861	1726.80917245424	0.751230612176496	0.313848682802852	2.39360766299086	0.016683584123936	0.16365825258741	SYT5
9479	105.230453868979	2.39670618933217	1.00313144712349	2.38922445927182	0.0168839834918091	0.164263374666553	MAPK8IP1
6773	4.49902729650112	2.07243014711728	0.868153054977385	2.38717140397699	0.0169785732440978	0.164333795939969	STAT2
8821	3259.12726508586	0.225003188382481	0.0942704537881866	2.38678376247168	0.0169964850249135	0.164333795939969	INPP4B
4501	6.64721310474514	1.46655418297266	0.614967614463412	2.38476652831921	0.0170899634387306	0.164986870101979	MT1X
9653	626.945461059708	0.34507244393424	0.144756931008246	2.38380602248734	0.017134631483319	0.165167462874054	HS2ST1
4762	15.8675721136383	-1.69138947019522	0.710292505139332	-2.38125766209998	0.0172536389657826	0.165562068024599	NEUROG1
6869	1290.22435679555	0.424453532363731	0.178192207035056	2.38199828952244	0.0172189774317867	0.165562068024599	TACR1
7022	197.881588052296	0.789986227771961	0.331750035167756	2.38126946202881	0.0172530862469952	0.165562068024599	TFAP2C
5371	176.267740183858	2.69911078635626	1.13527654680518	2.37749189301225	0.0174308261351616	0.166817589508845	PML
2969	166.448357467054	1.28533820417527	0.541549932531949	2.3734435681043	0.0176230857885729	0.166934167194042	GTF2I
3704	431.804665009195	0.641517706604002	0.270063417439583	2.37543356551621	0.0175283474485423	0.166934167194042	ITPA
3772	939.127827771573	0.411018907861348	0.173187047091563	2.37326586926587	0.0176315673328517	0.166934167194042	KCNJ15
6871	1381.44083591882	0.308090403554472	0.130008151462054	2.36977758771069	0.0177987885919555	0.168102749858001	TADA2A
1795	10381.3598625993	0.324762797257844	0.137183735065968	2.36735642969391	0.0179156695728873	0.16885850344105	DOCK3
3693	233.770810180794	0.66361819199901	0.280933011165864	2.36219371032622	0.0181671466674976	0.170471072416843	ITGB5
10605	14.2122082302724	1.3900008132343	0.590197200386647	2.35514640246292	0.0185154092812872	0.172973617984653	PAIP1
9911	1199.30844794595	0.44558763268551	0.189586907129383	2.35030804306239	0.0187578800966648	0.174725670827206	TMCC2
2729	6210.96305602597	0.283189311000499	0.120762877081642	2.3450030161922	0.0190269256775428	0.175987958141706	GCLC
8668	114.113543760048	1.0485090956515	0.447673891660278	2.34212697051178	0.0191741906294924	0.176791595340334	EIF3I
2072	297.543248638681	1.34882839928703	0.576326940867556	2.34038755373228	0.0192637383416905	0.177103906546004	ERCC4
10148	1761.94448620917	0.589133116748759	0.252421775546909	2.33392351144157	0.0195997273906602	0.177373350866828	EBI3
10276	141.646962802785	1.99239839384683	0.852684031820899	2.33661980228723	0.0194589618762922	0.177373350866828	NET1
11331	1466.92816494825	0.762574965199657	0.326457697350821	2.33590744340812	0.0194960659479588	0.177373350866828	PHB2
4494	29.6852145685526	1.1582388635905	0.495472649149674	2.33764439990433	0.0194057026603278	0.177373350866828	MT1F
5566	29.3635459179523	1.1063000913751	0.473621112050232	2.33583356659526	0.0194999174459271	0.177373350866828	PRKACA
3698	7.74150074917839	2.49249075941755	1.06901704531421	2.3315725135935	0.0197231912107664	0.177480823879626	ITIH2
4656	148.655573222344	1.39629658525298	0.598706694871788	2.33218802664632	0.0196908017827884	0.177480823879626	MYOG
5996	72.091101082707	0.748997875656653	0.321075480040971	2.33277818524503	0.0196597901835286	0.177480823879626	RGS1
3569	6.97643285688765	3.36243513110785	1.44486539746431	2.3271615037697	0.0199566710734379	0.178617618904596	IL6
10868	91.1992234258002	1.10230876228203	0.474093037756745	2.32508953832733	0.0200671729376336	0.178907287301085	USP20
6159	3396.01746001234	0.471676811576615	0.20293618699428	2.32426172267595	0.0201114709968432	0.178907287301085	RPL29
7965	1448.20596946754	0.828601471408044	0.356336150463933	2.32533654059304	0.0200539718618027	0.178907287301085	AIMP2
5880	6698.28596006827	0.777782174857723	0.334778302381492	2.32327534169587	0.0201643656045335	0.178920075280394	RAC2
3898	5214.24669685516	0.422065431519223	0.181720960969403	2.32260180260816	0.0202005537993751	0.178991536590007	LAD1
6276	215.939414857692	1.41661230132137	0.610320114059311	2.32109718930827	0.0202815990559006	0.179459712369457	S100A5
8853	286.289603628648	1.06000182117173	0.457273993222521	2.31808901639396	0.0204444837228827	0.180649729784694	ASAP2
10054	14.1206003118986	6.84779126193986	2.95778693006729	2.31517395398865	0.0206034140610192	0.181549751047375	UBA2
5430	4.39829181434703	3.27332218844935	1.41373649987373	2.31536936956902	0.0205927263380941	0.181549751047375	POLR2A
6428	1533.02227933115	0.413954535113168	0.179131567176893	2.31089663110236	0.0208385651948808	0.183114574267724	SRSF3
7036	54.5574848198811	1.10210583270513	0.477474970753757	2.30819603164813	0.0209882357954929	0.184175387766794	TFR2
8603	63.496781858471	1.7837946311016	0.774069977065388	2.30443588299888	0.0211981876655535	0.184490930134407	FAM193A
7737	727.694183994938	1.03097841403597	0.447508736573976	2.30381740014485	0.0212328959497261	0.184540551956499	RNF113A
7499	3953.24736417667	0.338967746956597	0.147223813931042	2.30239753954048	0.0213127636069344	0.184729975568551	XG
11278	38.8687881922044	1.76017680013871	0.767653136998842	2.29293246559268	0.0218518933568279	0.187172577224226	KLF12
3223	56.0137394190811	1.12495471140557	0.490117926295905	2.29527354754699	0.02171745257832	0.187172577224226	HOXC6
4919	1452.27615502133	0.404866439662862	0.176457460362473	2.29441384247058	0.0217667387911096	0.187172577224226	ROR1
7083	717.217519016328	0.341929925134297	0.149248137465894	2.29101636335284	0.0219624672769719	0.187172577224226	TK1
9491	1801.61600271506	1.0406355502061	0.453624680336765	2.29404526542414	0.0217878988167645	0.187172577224226	PSMF1
9778	4.87879574978209	1.99729376830193	0.870634697779838	2.29406635572316	0.0217866875390207	0.187172577224226	KIAA0232
10980	16161.3382393256	0.816937173772925	0.356918608616044	2.28886125310364	0.022087415165282	0.187610327478671	COPS6
3211	913.293092526926	1.30215956521333	0.569846949783074	2.2851040366348	0.0223067281773031	0.189220539552003	HOXB1
5100	642.983334017551	1.30765238994327	0.572584835644299	2.2837705585965	0.0223850188090979	0.18963181047068	PCDH8
9493	27093.500333412	0.333885591023865	0.146267622649205	2.28270334183681	0.0224478488138018	0.189677027068351	KIF23
3814	41.8190733678869	1.37199068335634	0.601601695287802	2.28056319339324	0.0225743073829402	0.190173260327475	KISS1
4321	19.1288631012147	1.4361653677626	0.629853792947129	2.28015673453784	0.0225983943425922	0.190173260327475	MMP12
2764	106.579546058364	1.48840226663823	0.653973076263394	2.27593813975113	0.022849712338607	0.190774107477976	GMFB
3558	31.4066563575894	0.82016135804365	0.360468551253518	2.27526466647802	0.0228900576893512	0.190860481021824	IL2
10039	2.72526676491988	3.31726439841576	1.45947809759254	2.27291139475659	0.0230315199942594	0.191788652098794	PARP3
3623	12.9921673141824	6.71931832301613	2.96099759562712	2.26927517028025	0.0232515974992278	0.193115748420479	INHA
10642	5.87157271984582	2.24913066414576	0.99329118495378	2.26432157882325	0.0235543433213013	0.194109756748859	IGF2BP1
2697	1024.31426095709	0.299403548343858	0.132210417927203	2.26459875884148	0.0235373131609085	0.194109756748859	GJA1
4038	16.3229792289662	1.33774645971108	0.591989706714385	2.25974614851961	0.0238370103610108	0.195678786989356	LRP4
11255	21.7995190964434	2.56680173664005	1.13997560544136	2.25162865274322	0.0243457488093427	0.197072118761483	HRH3
3178	2032.84805252375	0.749153936045817	0.332371745504506	2.2539639610722	0.0241984352780753	0.197072118761483	HNRNPA1
4255	8.84077928485431	2.05559887171076	0.91237619573324	2.25301677238385	0.0242580914555496	0.197072118761483	MGMT
5926	76.2830899780255	1.18515689947741	0.526829907848623	2.24960064305602	0.0244743076031128	0.197072118761483	ARID4A
6469	1066.9970391489	1.05923377331005	0.47049495077837	2.25131804615054	0.0243654006239049	0.197072118761483	SHH
6613	276.863788931088	1.26463368876967	0.562057607042016	2.25000724645496	0.0244484853139247	0.197072118761483	SUMO2
8726	70.9045489033161	1.04328535325886	0.463956117788535	2.24867247840533	0.0245333414113635	0.197072118761483	EED
9748	31.5052770140771	-1.69397088083429	0.751418637346735	-2.25436367510887	0.0241732985311045	0.197072118761483	SLK
9899	66.7968050405124	3.99947966107394	1.77788795427617	2.24956789400277	0.0244763884355216	0.197072118761483	SV2B
4358	83.4385874562427	1.11570542497647	0.496374650950531	2.24770830428177	0.0245947961342805	0.197129157700519	MPV17
6019	2768.95011089526	0.391713942217182	0.174281842129063	2.24758894806209	0.0246024129541359	0.197129157700519	RLN2
3841	120.024026004953	1.59480938461727	0.711003855248973	2.24303901145348	0.0248942989436739	0.197635595783845	KPNA5
11010	155.733765624014	1.016854634353	0.454200095613193	2.23878119836191	0.0251701562110452	0.198429409931437	GLIPR1
10509	502.307128969307	2.53270147456672	1.13318884664872	2.23502153419256	0.0254159350394252	0.199751908988822	SEMA4B
6801	1740.76843143984	0.247105104356119	0.11057727598151	2.23468250743886	0.0254381998161971	0.199751908988822	STRN
9320	236.413647917313	1.03374334907564	0.462670404536607	2.23429754516284	0.0254635017588706	0.199751908988822	TRIP12
