ALL_GSE132509	AML_GSE116256	BCC_GSE123813_aPD1	BRCA_GSE114727_non_malignant	BRCA_GSE136206_mouse_aPD1aCTLA4	BRCA_GSE138536_non_malignant	CHOL_GSE125449_aPD1aPDL1aCTLA4	CLL_GSE111014_non_malignant	CRC_GSE108989_non_malignant	CRC_GSE136394_non_malignant	CRC_GSE139555_non_malignant	CRC_GSE146771_10X_non	CRC_GSE146771	DLBCL_res	Glioma_GSE135437	Glioma_GSE148842	Glioma_GSE70630	Glioma_GSE84465	Glioma_GSE89567	HNSC_GSE103322	HNSC_GSE139324	KIRC_GSE111360	KIRC_GSE139555	LIHC_GSE125449_aPDL1aCTLA4	LIHC_GSE140228_immune10X	LIHC_GSE140228_immune_Smart	LIHC_GSE98638_immune	MB_GSE119926	NHL_GSE128531.res	NSCLC_EMTAB6149.res	NSCLC_GSE127465.res	NSCLC_GSE131907.res	NSCLC_GSE139555.res	NSCLC_GSE99254.res	OSCC_GSE117872	PAAD_CRA001160.res	SKCM_GSE115978_aPD1.res	SKCM_GSE120575_aPD1aCTLA4.res	SKCM_GSE123139.res	SKCM_GSE148190.res	SKCM_GSE72056.res
B	0.0108085876858889	0	0.0813392087242518	0.0280079212421509	0.22522939918269	0	0.0475194260531889	0.0857025842743545	0	0	0.0184121380699232	0.298652379210473	0.267118310540644	0.166863618969063	0	0	0	0	0	0	0.442148716347263	0.0162256231310301	0.0198828391913442	0	0.0309554258964872	0.126920256399334	0	0	0.0134202136634439	0.127381153204113	0.0967921711199886	0.021887671133716	0.054197917483204	0	0	1.09745415108994	0.637075737165941	0.145386129229235	0.191298102741593	0.147418748787405	0.617514717746918
CD4Tconv	0.00335261752272046	0.0182445477770679	0	0	0.0199265277127024	0	0.0181774982646299	0	0.00331003748767617	0	0	0.00321029931886211	0.0431717470691733	0.0779449317253769	0	0	0	0	0	0.409795254290192	0.0173468463325853	0	0.00171903793217311	0	0.00073686689849702	0.000322334536596304	0.000733470056957771	0	0.0153106970500183	0	0.113115444289775	0.0107708146149062	0.000878435954362316	0.00355970040206415	0	0	0.537458833135384	0.00258308059920397	0.0229591882608742	0	0.600538963392109
CD8T	0.00632312096714079	0	0	0	0.00730342222010471	0	0.149499783196509	0.0027419285081539	0.00218663703059433	0.00106828631740569	0	0.000306132830868571	0.0489708697084191	0	0.163385375144331	0	0	0	0	0.189649388756301	0.0110796752807995	0	0	0	0.000517818677987422	0	0.000151070081036668	0	0	0	0	0.00234079116014976	0.00227985070598902	0.000601710293179489	0	0	0	0.00262470011876873	0	0	0
Erythrocytes	0.027203089242877	0	0	0	0	0	0	0	0	0	0	0	0	0	0	0	0	0	0	0	0	0	0	0	0	0	0	0	0	0	0	0	0	0	0	0	0	0	0	0	0
Malignant	0.0337178348081505	0.0193592707234883	0	0	0.0526908116710049	0	0.011335194104522	0	0	0	0	0	0.0339650510399841	0.0270583906761066	0	0.00123690329660357	0	0	0	0.0551528557249122	0	0	0	0.00584483746993549	0	0	0	0.142030330959061	0	0.00697019727581229	0.150414408268767	0	0	0	0	0.00426417248590432	0.153793920415235	0	0	0	0.15834812859579
Mono/Macro	0.00311799227651555	0.0178861152660098	0	0.0248161655587333	0.00593620776768095	0.00430673172980368	0.0522249872907933	0.00276775300764483	0	0.0707559282879807	0	3.04729066545243e-05	0.0815212526734354	0	0.181918789673002	0.00102435260760329	0.131716041630854	0.00138021615155376	0.0996189757006612	0.0290321832167451	0.0129100389888138	0.00541406327069575	0.00230622161529698	0	0.00814362150647963	0.00654790096033637	0	0	0.0050310080756563	0.0172936046722729	0.12484578728534	0.0151256386272584	0.00516078314966838	0.0164813130212962	0	0.0200368191907943	0.292502888375683	0.0134356816834068	0.0186977753135278	0	0.370132001081888
Tprolif	0.00200611890233387	0.0199992039640823	0.00256000167235356	0	0.0276794380248631	0	0.21399832805115	0	0.00014460505312274	0.000568440392250072	0.682938651023568	0	0.303245658647032	0	0	0	0	0	0	0	0.00958911433015964	0.0158630802828708	0	0	0.0355560338209901	0.00255833185494387	0	0	0.00891176099555467	0	0	0	0.0193054330713044	0.000637523198840537	0	0	0.291893596399076	4.18831603430691e-05	0.0409877841248764	0	0.698996858845398
EryPro	0	0.0304094778054543	0	0	0	0	0	0	0	0	0	0	0	0	0	0	0	0	0	0	0	0	0	0	0	0	0	0	0	0	0	0	0	0	0	0	0	0	0	0	0
GMP	0	0	0	0	0	0	0	0	0	0	0	0	0	0	0	0	0	0	0	0	0	0	0	0	0	0	0	0	0	0	0	0	0	0	0	0	0	0	0	0	0
HSC	0	0.00547249863952558	0	0	0	0	0	0	0	0	0	0	0	0	0	0	0	0	0	0	0	0	0	0	0	0	0	0	0	0	0	0	0	0	0	0	0	0	0	0	0
NK	0	0	0	0	0	0	0	0	0	0	0.0079119265920521	0	0.03424463808183	0.0532245859218797	0	0	0	0	0	0	0.0185011723445951	0	0	0	0	0.00479066716335872	0	0	0.00752629005637382	0	0.213101863808108	0	0	0	0.000396716779760248	0	0.612352704069297	5.25146630084959e-05	0	0	0
Plasma	0	0	0	0	1.69011499193947	0	0	0	0	0	0	0.00774932188177709	0.0654491528648798	1.54199942795744	0	0	0	0	0	0.146987539143679	0.0444658984845263	0	0	0.0324915895723895	0	0.000803002858303135	0	0	0	0	0.0646866665435189	0.256643358093402	0	0	0	0.010211024050935	0	0	0	0	0
Progenitor	0	0.0261322049540694	0	0	0	0	0	0	0	0	0	0	0	0	0	0	0	0	0	0	0	0	0	0	0	0	0	0	0	0	0	0	0	0	0	0	0	0	0	0	0
Promonocyte	0	0.0058082713185512	0	0	0	0	0	0	0	0	0	0	0	0	0	0	0	0	0	0	0	0	0	0	0	0	0	0	0	0	0	0	0	0	0	0	0	0	0	0	0
CD8Tex	0	0	0	0	0.00825714862539806	0	0.0563996055171118	0	0.000374808202579498	0	0.0236199462315853	0.00389197087388457	0.0424985534333042	0.0753705315404302	0	0	0	0	0	0.136947379615455	0.00524824166899373	0	0	0.136014752609716	0	0.000412116672599376	0.000118750526276656	0	0.00279575413531404	0	0.15690252185432	0.0720846679007912	0.000978827339485645	0.00818373555941227	0	0.0233116552703178	0.469510232720044	0.00427722061253371	0.00888248969343101	0	0.417777409108225
DC	0	0	0.00271105827643495	0	0	0	0	0.042905450717647	0	0	0	0	0	0	0	0	0	0	0	0	0.0116917373832688	0.0135756405385405	0	0	0.0083523907426072	0.0162715047293082	0	0	0	0	0.0732904626579192	0.00678947391833066	0	0	0	0.0199563379870118	0	0.00306280737607114	0	0	0
Endothelial	0	0	0	0	0.0141783070132562	0	0.0202269364151468	0	0	0	0	0	0.0244206472750673	0	0	0	0	0	0	0.0819415411812949	0	0	0	0.0426076628077845	0	0	0	0	0.00321687393703086	0	0.121558528673597	0.00175252825903449	0	0	0	0.00369770540373799	0.262267250717949	0	0	0	0.242007540768678
Fibroblasts	0	0	0	0	0.0051551327332574	0.00149379827441974	0.0335909097172762	0	0	0	0	0	0.024246533770041	0.211050249956746	0	0	0	0	0	0.107387832877568	0	0.0016052149421064	0	0.0545373742120422	0	0	0	0.0960610765794194	0.00179381100947906	0.00576941876166702	0.197331766599835	0.00859571148843224	0	0	0	0.00579348806275858	0.146420929462902	0	0.0132857548373702	0	0.203832306446278
Mast	0	0	0	0	0	0	0	0	0	0	0.0130894420897903	0	0.0456939954933173	0.0224971000345605	0	0	0	0	0	0.097975864567995	0.0322800827704995	0	0	0	0	0.000679606558172475	0	0	0	0.00246236676077132	0.16538148758527	0	0	0	0.000164086300404953	0	0	0	0	0	0
Melanocytes	0	0	0	0	0	0	0	0	0	0	0	0	0	0	0	0	0	0	0	0	0	0	0	0	0	0	0	0	0	0	0	0	0	0	0	0	0	0	0	0	0
Myofibroblasts	0	0	0	0.00265365437031494	0	0.0103925081750744	0	0	0	0	0	0	0	0	0	0	0	0	0	0.0729903360514515	0	0	0	0	0	0	0	0	0	0	0	0	0	0	0	0	0	0	0	0	0
Treg	0	0	0	0	0	0	0	0	0.00135410123806283	0	0	0	0.0316426576985682	0	0	0	0	0	0	0	0.00946348333379752	0	0	0	0.0078885483883016	0	0.00123121522402642	0	0	0	0	0	0	0.000197868282545928	0.000297223109531829	0	0	0.00406265810675187	0	0.00554058042206111	0
Neutrophils	0	0	0	0	0.0830522023299224	0	0	0	0	0	0	0	0	0.217750868955454	0	0	0	0	0	0	0	0	0	0	0	0	0	0	0	0	0.327449547064076	0	0	0	0.00020493265879142	0	0	0	0	0	0
Epithelial	0	0	0	0	0	0.0110747179254086	0	0	0	0	0	0	0	0	0	0	0	0	0	0	0	0	0	0	0	0	0	0	0	0	0	0.00140243457957928	0	0	0	0	0	0	0	0	0
Hepatic progenitor	0	0	0	0	0	0	0.0275147815008214	0	0	0	0	0	0	0	0	0	0	0	0	0	0	0	0	0.0399649028646761	0	0	0	0	0	0	0	0	0	0	0	0	0	0	0	0	0
Tproilf	0	0	0	0	0	0	0	0	0	0	0	0	0	0	0	0	0	0	0	0	0	0	0	0	0	0	0	0	0	0	0	0	0	0	0	0	0	0	0	0	0
TMKI67	0	0	0	0	0	0	0	0	0	0	0	0	0	0.705692715955174	0	0	0	0	0	0	0	0	0	0	0	0	0	0	0	0	0	0	0	0	0.00136302863308434	0	0	0	0	0	0
pDC	0	0	0	0	0	0	0	0	0	0	0	0	0	0.0750157853655703	0	0	0	0	0	0	0	0	0	0	0	0	0	0	0	0	0	0	0	0	0	0	0	0	0	0	0
Microglia	0	0	0	0	0	0	0	0	0	0	0	0	0	0	0.302983073047695	0	0	0	0	0	0	0	0	0	0	0	0	0	0	0	0	0	0	0	0	0	0	0	0	0	0
Oligodendrocyte	0	0	0	0	0	0	0	0	0	0	0	0	0	0	0	0.000325836667707565	0.0840631456500413	0.00156682699121139	0.0590086047601449	0	0	0	0	0	0	0	0	0	0	0	0	0	0	0	0	0	0	0	0	0	0
AC-like Malignant	0	0	0	0	0	0	0	0	0	0	0	0	0	0	0	0.00197002381070182	0.119316251362135	0.00287540820009352	0.0696838490213887	0	0	0	0	0	0	0	0	0	0	0	0	0	0	0	0	0	0	0	0	0	0
Others	0	0	0	0	0	0	0	0	0	0	0	0	0	0	0	0.000773633860032908	0	0	0	0	0	0	0	0	0	0	0	0	0.00224406409810878	0	0	0	0	0	0	0	0	0	0	0	0
OC-like Malignant	0	0	0	0	0	0	0	0	0	0	0	0	0	0	0	0	0.0833071940400963	0	0.0917596957210988	0	0	0	0	0	0	0	0	0	0	0	0	0	0	0	0	0	0	0	0	0	0
Astrocyte	0	0	0	0	0	0	0	0	0	0	0	0	0	0	0	0	0	0	0	0	0	0	0	0	0	0	0	0	0	0	0	0	0	0	0	0	0	0	0	0	0
Neuron	0	0	0	0	0	0	0	0	0	0	0	0	0	0	0	0	0	0	0	0	0	0	0	0	0	0	0	0	0	0	0	0	0	0	0	0	0	0	0	0	0
OPC	0	0	0	0	0	0	0	0	0	0	0	0	0	0	0	0	0	0.00651733636028325	0	0	0	0	0	0	0	0	0	0	0	0	0	0	0	0	0	0	0	0	0	0	0
Vascular	0	0	0	0	0	0	0	0	0	0	0	0	0	0	0	0	0	0	0	0	0	0	0	0	0	0	0	0	0	0	0	0	0	0	0	0	0	0	0	0	0
Myocyte	0	0	0	0	0	0	0	0	0	0	0	0	0	0	0	0	0	0	0	0.0506620962157223	0	0	0	0	0	0	0	0	0	0	0	0	0	0	0	0	0	0	0	0	0
ILC	0	0	0	0	0	0	0	0	0	0	0	0	0	0	0	0	0	0	0	0	0	0	0	0	0	0.00135697982762626	0	0	0	0	0	0	0	0	0	0	0	0	0	0	0
Keratinocytes	0	0	0	0	0	0	0	0	0	0	0	0	0	0	0	0	0	0	0	0	0	0	0	0	0	0	0	0	0.00384393170867703	0	0	0	0	0	0	0	0	0	0	0	0
Pericytes	0	0	0	0	0	0	0	0	0	0	0	0	0	0	0	0	0	0	0	0	0	0	0	0	0	0	0	0	0	0	0	0	0	0	0	0	0	0	0	0	0
Secretory glandular	0	0	0	0	0	0	0	0	0	0	0	0	0	0	0	0	0	0	0	0	0	0	0	0	0	0	0	0	0	0	0	0	0	0	0	0	0	0	0	0	0
SMC	0	0	0	0	0	0	0	0	0	0	0	0	0	0	0	0	0	0	0	0	0	0	0	0	0	0	0	0	0	0	0	0	0	0	0	0	0	0	0	0	0
Alveolar	0	0	0	0	0	0	0	0	0	0	0	0	0	0	0	0	0	0	0	0	0	0	0	0	0	0	0	0	0	0.00431551466234958	0	0	0	0	0	0	0	0	0	0	0
Acinar	0	0	0	0	0	0	0	0	0	0	0	0	0	0	0	0	0	0	0	0	0	0	0	0	0	0	0	0	0	0	0	0	0	0	0	0.00299068894220248	0	0	0	0	0
Ductal	0	0	0	0	0	0	0	0	0	0	0	0	0	0	0	0	0	0	0	0	0	0	0	0	0	0	0	0	0	0	0	0	0	0	0	0.00169494805570141	0	0	0	0	0
Endocrine	0	0	0	0	0	0	0	0	0	0	0	0	0	0	0	0	0	0	0	0	0	0	0	0	0	0	0	0	0	0	0	0	0	0	0	0	0	0	0	0	0
Stellate	0	0	0	0	0	0	0	0	0	0	0	0	0	0	0	0	0	0	0	0	0	0	0	0	0	0	0	0	0	0	0	0	0	0	0	0.0050577095874375	0	0	0	0	0
